5
1
5 8 , 1 3 , 1 12 , 3 20 , 5 13 , 3 17 , 5 7 , 3 14 , 2 13 , 2 4 , 2 13 , 3 3 , 1 18 , 5 19 , 1 5 , 2 5 , 4 19 , 3 8 , 3 10 , 2 9 , 5 20 , 5 14 , 5 12 , 4 17 , 4 15 , 3 12 , 2 17 , 5 19 , 1 18 , 4 20 , 4 7
2
2 10 , 5 10 , 1 15 , 2 14 , 5 14 , 5 8 , 4 3 , 1 20 , 5 8 , 1 4 , 2 9 , 1 9 , 2 12 , 2 12 , 1 14 , 4 17 , 1 14 , 1 17 , 1 13 , 1 7 , 1 20 , 2 17 , 2 18 , 4 2 , 1 7 , 5 17 , 1 19 , 1 16 , 2 1 , 4 3 , 3 15 , 3 5 , 5 15 , 4 11 , 2 6 , 2 13 , 4 16 , 5 20 , 2 15
3
2 11 , 1 20 , 4 7 , 4 3 , 5 15 , 2 3 , 4 15 , 5 19 , 3 16 , 1 1 , 5 15 , 1 6 , 2 15 , 4 18 , 4 17 , 5 7 , 2 8 , 4 1 , 1 2 , 5 1 , 5 13 , 5 6 , 5 12 , 4 2 , 5 1 , 3 2 , 5 7 , 4 12 , 4 10 , 5 9 , 4 11 , 5 19 , 5 20 , 5 16 , 4 5
4
4 1 , 4 7 , 3 13 , 3 4 , 2 17 , 3 18 , 4 5 , 2 4 , 5 16 , 5 16 , 5 19 , 1 6 , 3 14 , 2 5 , 5 5 , 5 1 , 1 4 , 3 12 , 4 20 , 1 10 , 4 10 , 3 19 , 3 5 , 3 9 , 4 11 , 2 14 , 1 9 , 3 12 , 5 6 , 1 6 , 3 11 , 4 4 , 3 11 , 1 10 , 3 1 , 4 18 , 5 18
5
1 14 , 4 3 , 5 11 , 3 3 , 1 1 , 2 17 , 2 5 , 2 18 , 5 14 , 1 15 , 4 13 , 4 8 , 4 3 , 2 18 , 5 9 , 2 10 , 5 18 , 4 19 , 3 4 , 3 3
6
5 20 , 5 20 , 3 5 , 5 9 , 4 2 , 5 14 , 4 1 , 2 3 , 2 19 , 4 9 , 3 14 , 2 9 , 4 14 , 4 16 , 3 6 , 3 18 , 4 20 , 4 16 , 3 7 , 4 7 , 4 12 , 3 7 , 4 7 , 3 8 , 1 10 , 2 12 , 1 3 , 2 19 , 2 19 , 3 15 , 5 9 , 5 9 , 5 2 , 1 15 , 4 3 , 1 13 , 4 11 , 5 1
7
2 9 , 5 16 , 3 2 , 2 10 , 4 17
8
2 2 , 3 1 , 1 14 , 1 9 , 4 13 , 3 16
9
1 14 , 3 9 , 4 8 , 1 13 , 1 16 , 2 14 , 4 1 , 2 9 , 1 7 , 1 4 , 4 7 , 5 18 , 3 16 , 3 9 , 2 13 , 4 14 , 1 13 , 1 5 , 2 5 , 5 14 , 4 4 , 3 14
10
1 18 , 1 6 , 3 6 , 5 16 , 4 9 , 4 2 , 2 13 , 5 6 , 3 9 , 1 14 , 2 4 , 2 4 , 1 1 , 3 10 , 4 7 , 3 7 , 3 13 , 2 11 , 5 1 , 5 15 , 3 20